dt eQM(int) eQM(duh)
0.5 3.35345e-005 0.000540222
0.4 1.11886e-005 0.00104104
0.3 3.40314e-006 0.00100909
0.2 7.09833e-007 0.000344992
0.1 7.13994e-008 7.16151e-005
0.09 5.5137e-008 5.7106e-005
0.08 4.38681e-008 4.43287e-005
0.07 3.54141e-008 3.36427e-005
0.06 2.95257e-008 2.44254e-005
0.05 2.56358e-008 1.66975e-005
0.04 2.30632e-008 1.05727e-005
0.03 2.13795e-008 5.90809e-006
0.02 2.03629e-008 2.60674e-006
0.01 1.96357e-008 6.56865e-007
0.009 1.95591e-008 5.34589e-007
0.008 1.95148e-008 4.2488e-007
0.007 1.94509e-008 3.28476e-007
0.006 1.9396e-008 2.45041e-007
0.005 1.93444e-008 1.74636e-007
0.004 1.92903e-008 1.17255e-007
0.003 1.92336e-008 7.28602e-008
0.002 1.91857e-008 4.14325e-008
0.001 1.91351e-008 2.29703e-008
0.0009 1.91286e-008 2.18356e-008
0.0008 1.91251e-008 2.08324e-008
0.0007 1.91198e-008 1.99574e-008
0.0006 1.91148e-008 1.92122e-008
0.0005 1.91103e-008 1.85968e-008
0.0004 1.91053e-008 1.81105e-008
0.0003 1.91e-008 1.77534e-008
0.0002 1.90955e-008 1.75264e-008
0.0001 1.90906e-008 1.74285e-008
9e-005 1.909e-008 1.74257e-008
8e-005 1.90896e-008 1.74244e-008
7e-005 1.9089e-008 1.74243e-008
6e-005 1.90886e-008 1.74255e-008
5e-005 1.90881e-008 1.74281e-008
